5

4
0 20 42 35
20 0 30 34
42 30 0 12
35 34 12 0

5
0 10 15 20 25
10 0 35 25 15
15 35 0 30 20
20 25 30 0 10
25 15 20 10 0

6
0 29 20 23 30 27
29 0 15 17 28 22
20 15 0 28 23 25
23 17 28 0 14 19
30 28 23 14 0 16
27 22 25 19 16 0

7
0 16 14 10 12 15 13
16 0 17 12 11 14 16
14 17 0 13 15 12 18
10 12 13 0 14 16 17
12 11 15 14 0 13 12
15 14 12 16 13 0 14
13 16 18 17 12 14 0

8
0 10 15 20 25 30 35 40
10 0 18 25 30 35 40 45
15 18 0 22 28 33 38 43
20 25 22 0 26 31 36 41
25 30 28 26 0 29 34 39
30 35 33 31 29 0 32 37
35 40 38 36 34 32 0 35
40 45 43 41 39 37 35 0
